0.300000 10.517104
0.400000 9.380773
0.500000 7.715405
0.600000 5.929997
0.700000 4.433543
0.800000 3.528972
0.900000 3.094950
1.000000 2.904077
1.100000 2.766943
1.200000 2.646102
1.300000 2.542101
1.400000 2.455483
1.500000 2.386794
1.600000 2.335904
1.700000 2.299991
1.800000 2.275555
1.900000 2.259100
2.000000 2.247126
2.100000 2.236717
2.200000 2.227280
2.300000 2.218799
2.400000 2.211264
2.500000 2.204660
2.600000 2.198974
2.700000 2.194194
2.800000 2.190306
2.900000 2.187296
3.000000 2.185153
3.100000 2.183851
3.200000 2.183322
3.300000 2.183486
3.400000 2.184264
3.500000 2.185577
3.600000 2.187344
3.700000 2.189486
3.800000 2.191924
3.900000 2.194577
4.000000 2.197366
4.100000 2.200225
4.200000 2.203140
4.300000 2.206109
4.400000 2.209132
4.500000 2.212208
4.600000 2.215336
4.700000 2.218515
4.800000 2.221743
4.900000 2.225021
5.000000 2.228346
5.100000 2.231718
5.200000 2.235135
5.300000 2.238594
5.400000 2.242093
5.500000 2.245628
5.600000 2.249198
5.700000 2.252800
5.800000 2.256431
5.900000 2.260089
6.000000 2.263772
6.100000 2.267476
6.200000 2.271199
6.300000 2.274940
6.400000 2.278694
6.500000 2.282460
6.600000 2.286236
6.700000 2.290018
6.800000 2.293804
6.900000 2.297592
7.000000 2.301378
7.100000 2.305162
7.200000 2.308939
7.300000 2.312708
7.400000 2.316466
7.500000 2.320210
7.600000 2.323938
7.700000 2.327648
7.800000 2.331336
7.900000 2.335001
8.000000 2.338640
8.100000 2.342250
8.200000 2.345832
8.300000 2.349388
8.400000 2.352918
8.500000 2.356422
8.600000 2.359903
8.700000 2.363360
8.800000 2.366795
8.900000 2.370208
9.000000 2.373601
9.100000 2.376974
9.200000 2.380329
9.300000 2.383665
9.400000 2.386985
9.500000 2.390289
9.600000 2.393578
9.700000 2.396853
9.800000 2.400115
9.900000 2.403364
10.000000 2.406602
10.100000 2.409830
10.200000 2.413046
10.300000 2.416252
10.400000 2.419447
10.500000 2.422630
10.600000 2.425802
10.700000 2.428962
10.800000 2.432110
10.900000 2.435246
11.000000 2.438369
11.100000 2.441480
11.200000 2.444578
11.300000 2.447663
11.400000 2.450735
11.500000 2.453793
11.600000 2.456837
11.700000 2.459868
11.800000 2.462884
11.900000 2.465886
12.000000 2.468873
12.100000 2.471846
12.200000 2.474804
12.300000 2.477747
12.400000 2.480676
12.500000 2.483590
12.600000 2.486491
12.700000 2.489377
12.800000 2.492250
12.900000 2.495109
13.000000 2.497954
13.100000 2.500785
13.200000 2.503604
13.300000 2.506408
13.400000 2.509200
13.500000 2.511979
13.600000 2.514745
13.700000 2.517498
13.800000 2.520239
13.900000 2.522967
14.000000 2.525682
14.100000 2.528386
14.200000 2.531077
14.300000 2.533756
14.400000 2.536424
14.500000 2.539079
14.600000 2.541723
14.700000 2.544356
14.800000 2.546977
14.900000 2.549587
15.000000 2.552186
15.100000 2.554775
15.200000 2.557352
15.300000 2.559918
15.400000 2.562474
15.500000 2.565020
15.600000 2.567555
15.700000 2.570080
15.800000 2.572595
15.900000 2.575100
16.000000 2.577595
16.100000 2.580080
16.200000 2.582556
16.300000 2.585023
16.400000 2.587479
16.500000 2.589927
16.600000 2.592364
16.700000 2.594793
16.800000 2.597212
16.900000 2.599622
17.000000 2.602022
17.100000 2.604414
17.200000 2.606796
17.300000 2.609169
17.400000 2.611533
17.500000 2.613888
17.600000 2.616234
17.700000 2.618571
17.800000 2.620899
17.900000 2.623219
18.000000 2.625529
18.100000 2.627831
18.200000 2.630125
18.300000 2.632409
18.400000 2.634685
18.500000 2.636953
18.600000 2.639212
18.700000 2.641462
18.800000 2.643705
18.900000 2.645938
19.000000 2.648164
19.100000 2.650381
19.200000 2.652590
19.300000 2.654791
19.400000 2.656984
19.500000 2.659169
19.600000 2.661345
19.700000 2.663514
19.800000 2.665675
19.900000 2.667828
20.000000 2.669973
20.100000 2.672110
20.200000 2.674240
20.300000 2.676362
20.400000 2.678476
20.500000 2.680582
20.600000 2.682681
20.700000 2.684772
20.800000 2.686856
20.900000 2.688932
21.000000 2.691000
21.100000 2.693061
21.200000 2.695114
21.300000 2.697160
21.400000 2.699199
21.500000 2.701230
21.600000 2.703253
21.700000 2.705269
21.800000 2.707278
21.900000 2.709279
22.000000 2.711273
22.100000 2.713260
22.200000 2.715239
22.300000 2.717212
22.400000 2.719177
22.500000 2.721134
22.600000 2.723085
22.700000 2.725028
22.800000 2.726965
22.900000 2.728894
23.000000 2.730816
23.100000 2.732731
23.200000 2.734639
23.300000 2.736539
23.400000 2.738433
23.500000 2.740320
23.600000 2.742200
23.700000 2.744073
23.800000 2.745939
23.900000 2.747799
24.000000 2.749651
24.100000 2.751497
24.200000 2.753335
24.300000 2.755167
24.400000 2.756993
24.500000 2.758811
24.600000 2.760623
24.700000 2.762428
24.800000 2.764226
24.900000 2.766018
25.000000 2.767803
25.100000 2.769582
25.200000 2.771353
25.300000 2.773119
25.400000 2.774878
25.500000 2.776630
25.600000 2.778376
25.700000 2.780115
25.800000 2.781848
25.900000 2.783575
26.000000 2.785295
26.100000 2.787009
26.200000 2.788716
26.300000 2.790418
26.400000 2.792113
26.500000 2.793801
26.600000 2.795484
26.700000 2.797160
26.800000 2.798830
26.900000 2.800493
27.000000 2.802151
27.100000 2.803803
27.200000 2.805448
27.300000 2.807087
27.400000 2.808721
27.500000 2.810348
27.600000 2.811969
27.700000 2.813584
27.800000 2.815194
27.900000 2.816797
28.000000 2.818395
28.100000 2.819986
28.200000 2.821572
28.300000 2.823152
28.400000 2.824726
28.500000 2.826294
28.600000 2.827856
28.700000 2.829413
28.800000 2.830964
28.900000 2.832509
29.000000 2.834049
29.100000 2.835583
29.200000 2.837111
29.300000 2.838634
29.400000 2.840151
29.500000 2.841663
29.600000 2.843169
29.700000 2.844669
29.800000 2.846164
29.900000 2.847654
30.000000 2.849138
30.100000 2.850617
30.200000 2.852090
30.300000 2.853558
30.400000 2.855021
30.500000 2.856478
30.600000 2.857930
30.700000 2.859377
30.800000 2.860818
30.900000 2.862254
31.000000 2.863685
31.100000 2.865111
31.200000 2.866532
31.300000 2.867948
31.400000 2.869358
31.500000 2.870763
31.600000 2.872164
31.700000 2.873559
31.800000 2.874949
31.900000 2.876334
32.000000 2.877715
32.100000 2.879090
32.200000 2.880461
32.300000 2.881826
32.400000 2.883187
32.500000 2.884543
32.600000 2.885893
32.700000 2.887240
32.800000 2.888581
32.900000 2.889918
33.000000 2.891250
33.100000 2.892577
33.200000 2.893899
33.300000 2.895217
33.400000 2.896530
33.500000 2.897839
33.600000 2.899143
33.700000 2.900442
33.800000 2.901737
33.900000 2.903028
34.000000 2.904314
34.100000 2.905595
34.200000 2.906872
34.300000 2.908144
34.400000 2.909413
34.500000 2.910676
34.600000 2.911936
34.700000 2.913191
34.800000 2.914442
34.900000 2.915688
35.000000 2.916930
35.100000 2.918168
35.200000 2.919402
35.300000 2.920632
35.400000 2.921857
35.500000 2.923078
35.600000 2.924295
35.700000 2.925508
35.800000 2.926717
35.900000 2.927922
36.000000 2.929123
36.100000 2.930320
36.200000 2.931513
36.300000 2.932702
36.400000 2.933887
36.500000 2.935068
36.600000 2.936246
36.700000 2.937419
36.800000 2.938589
36.900000 2.939754
37.000000 2.940916
37.100000 2.942074
37.200000 2.943229
37.300000 2.944380
37.400000 2.945527
37.500000 2.946670
37.600000 2.947810
37.700000 2.948946
37.800000 2.950079
37.900000 2.951207
38.000000 2.952333
38.100000 2.953455
38.200000 2.954573
38.300000 2.955688
38.400000 2.956799
38.500000 2.957907
38.600000 2.959012
38.700000 2.960113
38.800000 2.961211
38.900000 2.962306
39.000000 2.963397
39.100000 2.964485
39.200000 2.965569
39.300000 2.966651
39.400000 2.967729
39.500000 2.968804
39.600000 2.969875
39.700000 2.970944
39.800000 2.972010
39.900000 2.973072
