0.300000 3.173133
0.400000 2.534006
0.500000 2.162629
0.600000 1.976382
0.700000 1.892644
0.800000 1.841917
0.900000 1.807183
1.000000 1.784544
1.100000 1.770503
1.200000 1.763157
1.300000 1.761006
1.400000 1.762546
1.500000 1.766274
1.600000 1.770928
1.700000 1.776194
1.800000 1.782002
1.900000 1.788278
2.000000 1.794949
2.100000 1.801948
2.200000 1.809228
2.300000 1.816748
2.400000 1.824467
2.500000 1.832343
2.600000 1.840335
2.700000 1.848402
2.800000 1.856503
2.900000 1.864595
3.000000 1.872639
3.100000 1.880599
3.200000 1.888471
3.300000 1.896256
3.400000 1.903958
3.500000 1.911578
3.600000 1.919119
3.700000 1.926582
3.800000 1.933970
3.900000 1.941285
4.000000 1.948530
4.100000 1.955705
4.200000 1.962812
4.300000 1.969850
4.400000 1.976820
4.500000 1.983721
4.600000 1.990555
4.700000 1.997320
4.800000 2.004017
4.900000 2.010646
5.000000 2.017208
5.100000 2.023701
5.200000 2.030128
5.300000 2.036488
5.400000 2.042783
5.500000 2.049014
5.600000 2.055180
5.700000 2.061284
5.800000 2.067325
5.900000 2.073305
6.000000 2.079224
6.100000 2.085083
6.200000 2.090883
6.300000 2.096624
6.400000 2.102308
6.500000 2.107935
6.600000 2.113507
6.700000 2.119023
6.800000 2.124485
6.900000 2.129893
7.000000 2.135248
7.100000 2.140551
7.200000 2.145803
7.300000 2.151005
7.400000 2.156157
7.500000 2.161260
7.600000 2.166315
7.700000 2.171323
7.800000 2.176284
7.900000 2.181199
8.000000 2.186070
8.100000 2.190896
8.200000 2.195680
8.300000 2.200420
8.400000 2.205119
8.500000 2.209777
8.600000 2.214395
8.700000 2.218974
8.800000 2.223514
8.900000 2.228016
9.000000 2.232482
9.100000 2.236912
9.200000 2.241307
9.300000 2.245667
9.400000 2.249993
9.500000 2.254287
9.600000 2.258549
9.700000 2.262780
9.800000 2.266980
9.900000 2.271151
10.000000 2.275294
10.100000 2.279408
10.200000 2.283495
10.300000 2.287554
10.400000 2.291586
10.500000 2.295592
10.600000 2.299570
10.700000 2.303523
10.800000 2.307449
10.900000 2.311350
11.000000 2.315225
11.100000 2.319075
11.200000 2.322899
11.300000 2.326699
11.400000 2.330475
11.500000 2.334226
11.600000 2.337953
11.700000 2.341657
11.800000 2.345337
11.900000 2.348994
12.000000 2.352628
12.100000 2.356239
12.200000 2.359828
12.300000 2.363394
12.400000 2.366939
12.500000 2.370462
12.600000 2.373963
12.700000 2.377442
12.800000 2.380901
12.900000 2.384339
13.000000 2.387756
13.100000 2.391153
13.200000 2.394529
13.300000 2.397885
13.400000 2.401222
13.500000 2.404539
13.600000 2.407836
13.700000 2.411115
13.800000 2.414375
13.900000 2.417616
14.000000 2.420838
14.100000 2.424042
14.200000 2.427229
14.300000 2.430397
14.400000 2.433548
14.500000 2.436681
14.600000 2.439798
14.700000 2.442897
14.800000 2.445980
14.900000 2.449046
15.000000 2.452097
15.100000 2.455131
15.200000 2.458149
15.300000 2.461152
15.400000 2.464139
15.500000 2.467111
15.600000 2.470069
15.700000 2.473012
15.800000 2.475940
15.900000 2.478854
16.000000 2.481754
16.100000 2.484640
16.200000 2.487513
16.300000 2.490372
16.400000 2.493217
16.500000 2.496049
16.600000 2.498868
16.700000 2.501674
16.800000 2.504466
16.900000 2.507246
17.000000 2.510013
17.100000 2.512767
17.200000 2.515508
17.300000 2.518237
17.400000 2.520954
17.500000 2.523658
17.600000 2.526350
17.700000 2.529030
17.800000 2.531698
17.900000 2.534353
18.000000 2.536998
18.100000 2.539630
18.200000 2.542251
18.300000 2.544860
18.400000 2.547458
18.500000 2.550045
18.600000 2.552620
18.700000 2.555184
18.800000 2.557738
18.900000 2.560280
19.000000 2.562812
19.100000 2.565333
19.200000 2.567844
19.300000 2.570344
19.400000 2.572834
19.500000 2.575313
19.600000 2.577783
19.700000 2.580242
19.800000 2.582692
19.900000 2.585131
20.000000 2.587561
20.100000 2.589982
20.200000 2.592392
20.300000 2.594793
20.400000 2.597185
20.500000 2.599567
20.600000 2.601940
20.700000 2.604303
20.800000 2.606657
20.900000 2.609002
21.000000 2.611337
21.100000 2.613663
21.200000 2.615979
21.300000 2.618287
21.400000 2.620585
21.500000 2.622874
21.600000 2.625154
21.700000 2.627424
21.800000 2.629686
21.900000 2.631938
22.000000 2.634182
22.100000 2.636416
22.200000 2.638642
22.300000 2.640858
22.400000 2.643066
22.500000 2.645265
22.600000 2.647455
22.700000 2.649636
22.800000 2.651808
22.900000 2.653972
23.000000 2.656127
23.100000 2.658273
23.200000 2.660410
23.300000 2.662539
23.400000 2.664659
23.500000 2.666771
23.600000 2.668874
23.700000 2.670969
23.800000 2.673055
23.900000 2.675133
24.000000 2.677202
24.100000 2.679263
24.200000 2.681315
24.300000 2.683360
24.400000 2.685395
24.500000 2.687423
24.600000 2.689443
24.700000 2.691454
24.800000 2.693457
24.900000 2.695452
25.000000 2.697438
25.100000 2.699417
25.200000 2.701388
25.300000 2.703350
25.400000 2.705305
25.500000 2.707252
25.600000 2.709190
25.700000 2.711121
25.800000 2.713044
25.900000 2.714959
26.000000 2.716866
26.100000 2.718766
26.200000 2.720658
26.300000 2.722542
26.400000 2.724418
26.500000 2.726287
26.600000 2.728148
26.700000 2.730002
26.800000 2.731847
26.900000 2.733686
27.000000 2.735517
27.100000 2.737340
27.200000 2.739156
27.300000 2.740965
27.400000 2.742766
27.500000 2.744560
27.600000 2.746346
27.700000 2.748126
27.800000 2.749898
27.900000 2.751662
28.000000 2.753420
28.100000 2.755170
28.200000 2.756913
28.300000 2.758650
28.400000 2.760379
28.500000 2.762101
28.600000 2.763816
28.700000 2.765524
28.800000 2.767225
28.900000 2.768919
29.000000 2.770606
29.100000 2.772287
29.200000 2.773960
29.300000 2.775627
29.400000 2.777287
29.500000 2.778940
29.600000 2.780587
29.700000 2.782227
29.800000 2.783860
29.900000 2.785487
30.000000 2.787107
30.100000 2.788720
30.200000 2.790327
30.300000 2.791928
30.400000 2.793522
30.500000 2.795109
30.600000 2.796690
30.700000 2.798265
30.800000 2.799834
30.900000 2.801396
31.000000 2.802952
31.100000 2.804501
31.200000 2.806045
31.300000 2.807582
31.400000 2.809113
31.500000 2.810638
31.600000 2.812157
31.700000 2.813669
31.800000 2.815176
31.900000 2.816677
32.000000 2.818172
32.100000 2.819660
32.200000 2.821143
32.300000 2.822620
32.400000 2.824091
32.500000 2.825557
32.600000 2.827016
32.700000 2.828470
32.800000 2.829918
32.900000 2.831361
33.000000 2.832797
33.100000 2.834228
33.200000 2.835654
33.300000 2.837074
33.400000 2.838488
33.500000 2.839897
33.600000 2.841300
33.700000 2.842698
33.800000 2.844090
33.900000 2.845477
34.000000 2.846859
34.100000 2.848235
34.200000 2.849607
34.300000 2.850972
34.400000 2.852333
34.500000 2.853688
34.600000 2.855038
34.700000 2.856383
34.800000 2.857723
34.900000 2.859058
35.000000 2.860388
35.100000 2.861713
35.200000 2.863032
35.300000 2.864347
35.400000 2.865657
35.500000 2.866962
35.600000 2.868262
35.700000 2.869557
35.800000 2.870847
35.900000 2.872133
36.000000 2.873414
36.100000 2.874690
36.200000 2.875961
36.300000 2.877228
36.400000 2.878490
36.500000 2.879748
36.600000 2.881001
36.700000 2.882249
36.800000 2.883493
36.900000 2.884733
37.000000 2.885968
37.100000 2.887199
37.200000 2.888425
37.300000 2.889647
37.400000 2.890864
37.500000 2.892077
37.600000 2.893286
37.700000 2.894491
37.800000 2.895692
37.900000 2.896888
38.000000 2.898080
38.100000 2.899269
38.200000 2.900453
38.300000 2.901633
38.400000 2.902809
38.500000 2.903981
38.600000 2.905149
38.700000 2.906313
38.800000 2.907473
38.900000 2.908630
39.000000 2.909782
39.100000 2.910931
39.200000 2.912076
39.300000 2.913217
39.400000 2.914355
39.500000 2.915488
39.600000 2.916619
39.700000 2.917745
39.800000 2.918868
39.900000 2.919988
