descriptor name p m,+,- r,+,- d,+,- ins ttv
"Kepler-11 f"       46.688801        2.000000        0.800000        0.900000        2.490000        0.040000        0.070000        0.129548        0.052959        0.058630       16.557736   1.0 
"Kepler-51 b"       45.153999        2.100000        1.500000        0.800000        7.100000        0.300000        0.300000        0.005867        0.004256        0.002356       16.460692   1.0 
"Kepler-114 d"       11.776000        3.900000        1.700000        1.700000        2.530000        0.280000        0.280000        0.240826        0.131959        0.131959       25.998394   1.0 
"Kepler-48 b"        4.778000        3.940000        2.100000        2.100000        1.880000        0.100000        0.100000        0.592956        0.329903        0.329903      182.868360   1.0 
"Kepler-18 b"        3.504725        6.900000        3.400000        3.400000        2.000000        0.100000        0.100000        0.862500        0.444255        0.444255      451.909263   1.0 
"KOI-142 b"       10.954160        8.700000        2.500000        2.500000        3.780000        0.390000        0.360000        0.161081        0.065274        0.068032       68.698416   1.0 
"Kepler-25 b"        6.238500        9.600000        4.200000        4.200000        2.710000        0.050000        0.050000        0.482351        0.212711        0.212711      482.105279   1.0 
"Kepler-305 b"        5.487000       10.500000        2.600000        2.000000        3.600000        0.900000        0.360000        0.225051        0.087543        0.174147      122.804232   1.0 
"Kepler-414 c"        7.171000       29.900000       12.400000       10.500000        3.010000        0.540000        0.250000        1.096407        0.530455        0.704595        0.000000   1.0 
