descriptor name p m,+,- r,+,- d,+,- ins ttv
"Kepler-138 b"       10.312600        0.066000        0.059000        0.037000        0.522000        0.032000        0.032000        0.464015        0.423489        0.273770        6.805450   1.0 
"Kepler-453 b"      240.503006        0.200000       16.000000       16.000000        6.204000        0.039000        0.039000        0.000838        0.067005        0.067005        1.050031   0.0 
"TRAPPIST-1 d"        4.049610        0.410000        0.270000        0.270000        0.772000        0.030000        0.030000        0.891111        0.595954        0.595954        1.207907   1.0 
"TRAPPIST-1 e"        6.099615        0.620000        0.580000        0.580000        0.918000        0.039000        0.039000        0.801426        0.756647        0.756647        0.699597   1.0 
"Kepler-138 d"       23.088100        0.640000        0.674000        0.387000        1.212000        0.075000        0.075000        0.359478        0.384412        0.227385        2.323611   1.0 
"TRAPPIST-1 b"        1.510871        0.850000        0.720000        0.720000        1.086000        0.035000        0.035000        0.663635        0.565788        0.565788        4.497260   1.0 
"TRAPPIST-1 g"       12.352940        1.340000        0.880000        0.880000        1.127000        0.041000        0.041000        0.936123        0.623199        0.623199        0.273039   1.0 
"Kepler-11 b"       10.303900        1.900000        1.400000        1.000000        1.800000        0.030000        0.050000        0.325789        0.241585        0.172240      124.150674   1.0 
"Kepler-177 b"       36.855000        2.000000        0.500000        0.300000        2.900000        1.520000        0.300000        0.082004        0.032680        0.129530       26.076420   1.0 
"Kepler-138 c"       13.781300        1.970000        1.912000        1.120000        1.197000        0.070000        0.070000        1.148639        1.132888        0.683419        4.623394   1.0 
"Kepler-11 c"       13.024100        2.900000        2.900000        1.600000        2.870000        0.050000        0.060000        0.122674        0.122915        0.067985       90.842192   1.0 
"Kepler-406 c"        4.623320        2.710000        1.800000        1.800000        0.850000        0.030000        0.030000        4.412782        2.968007        2.968007      313.318288   0.0 
"Kepler-97 b"        2.586640        3.510000        1.900000        1.900000        1.480000        0.130000        0.130000        1.082734        0.651853        0.651853      736.993854   0.0 
"Kepler-414 b"        4.700000        3.500000        3.400000        2.900000        1.710000        0.310000        0.140000        0.699970        0.701369        0.693753        0.000000   1.0 
"Kepler-51 c"       85.311996        4.000000        0.400000        0.400000        9.000000        2.800000        1.700000        0.005487        0.003157        0.005150        7.047410   1.0 
"Kepler-350 c"       17.849001        6.100000        3.300000        3.200000        3.100000        1.420000        0.600000        0.204760        0.162499        0.301185      172.268101   1.0 
"Kepler-305 c"        8.291000        6.000000        2.400000        2.200000        3.300000        0.820000        0.330000        0.166959        0.083479        0.138701       70.824584   1.0 
"Kepler-289 b"       34.544998        7.300000        6.800000        6.800000        2.150000        0.100000        0.100000        0.734526        0.691850        0.691850       25.482694   1.0 
"Kepler-177 c"       49.411999        7.500000        3.500000        3.100000        7.100000        3.710000        0.720000        0.020955        0.011673        0.033972       17.638702   1.0 
"Kepler-48 d"       42.896099        7.930000        4.600000        4.600000        2.040000        0.110000        0.110000        0.934077        0.562510        0.562510        9.800382   0.0 
"Kepler-131 c"       25.516899        8.250000        5.900000        5.900000        0.840000        0.070000        0.070000       13.919260       10.545084       10.545084       34.126609   0.0 
"GJ 3634 b"        2.645610        8.400000        4.000000        1.500000       -0.000100        0.000100        0.000100 -8400000778240.000000 -25515488444416.000000 -25244607709184.000000        0.000000   0.0 
"CoRoT-7 c"        3.698000        8.400000        0.900000        0.900000       -0.000100        0.000100        0.000100 -8400000778240.000000 -25216067567616.000000 -25216067567616.000000      224.521403   0.0 
"Kepler-338 e"        9.341000        8.500000        7.200000        6.300000        1.560000        0.070000        0.070000        2.238954        1.920326        1.686609      416.690172   1.0 
"WASP-47 e"        0.789636        9.100000        5.500000        3.600000        1.820000        0.400000        0.400000        1.509479        1.350140        1.160664     3897.234556   0.0 
"Kepler-103 b"       15.965400        9.700000        8.600000        8.600000        3.370000        0.090000        0.090000        0.253444        0.225619        0.225619      133.251813   1.0 
"Kepler-79 b"       13.484500       10.900000        7.400000        6.000000        3.470000        0.070000        0.070000        0.260878        0.177812        0.144468      161.528941   1.0 
"K2-95 b"       10.133890       10.990000        2.730000        2.730000        3.470000        0.780000        0.530000        0.263032        0.137097        0.189028        4.905718   0.0 
"Kepler-106 e"       43.844501       11.170000        5.800000        5.800000        2.560000        0.330000        0.330000        0.665784        0.431051        0.431051       19.312782   0.0 
"Kepler-417 b"       12.331000       11.000000        9.300000        7.900000        2.310000        0.860000        0.170000        0.892394        0.779779        1.184975        0.000000   1.0 
"CoRoT-22 b"        9.755980       12.200000       14.000000        8.800000        4.880000        0.170000        0.390000        0.104978        0.123068        0.076513      170.624255   0.0 
"Kepler-238 f"       50.446999       13.500000        2.900000        2.500000        2.000000        0.850000        0.170000        1.687500        0.562650        2.174138       27.060052   1.0 
"Kepler-350 d"       26.136000       14.900000        5.300000        4.700000        2.800000        1.280000        0.540000        0.678754        0.460989        0.955167      103.602744   1.0 
"KOI-94 c"       10.423648       15.600000        5.700000       15.600000        4.320000        0.410000        0.410000        0.193497        0.089631        0.201187      294.693756   1.0 
"HD 77338 b"        5.736100       15.900000        4.700000        5.300000       -0.000100        0.000100        0.000100 -15900001435648.000000 -47930996162560.000000 -47993545818112.000000      154.307012   0.0 
"Kepler-276 d"       48.647999       16.299999        5.000000        4.300000        2.800000        1.230000        0.270000        0.742529        0.313081        0.997960       18.971728   1.0 
"Kepler-276 c"       31.884001       16.600000        4.400000        3.600000        2.900000        1.270000        0.280000        0.680635        0.267236        0.906314       33.324460   1.0 
"WASP-47 d"        9.095000       16.799999       12.000000        7.000000        3.710000        0.820000        0.820000        0.328994        0.320641        0.257641      149.826576   1.0 
"Kepler-396 c"       88.504997       17.900000        2.800000        1.300000        5.300000        1.950000        0.990000        0.120233        0.069952        0.132997        6.253594   1.0 
"K2-10 b"       19.304399       27.000000       17.000000       16.000000        3.840000        0.350000        0.340000        0.476837        0.325855        0.311201       45.849149   0.0 
"Kepler-328 b"       34.921001       28.500000       12.900000       12.300000        2.300000        0.960000        0.230000        2.342402        1.271981        3.102422       25.717201   1.0 
"K2-105 b"        8.266902       30.000000       19.000000       19.000000        3.590000        0.440000        0.390000        0.648392        0.461829        0.474837      109.628094   0.0 
"KOI-94 e"       54.320309       35.000000       18.000000       28.000000        6.560000        0.620000        0.620000        0.123981        0.072810        0.105230       32.617270   1.0 
"Kepler-122 f"       56.268002       36.000000       19.400000       16.200001        1.750000        0.600000        0.160000        6.717201        4.061735        7.541414       21.825784   1.0 
"Kepler-103 c"      179.612000       36.099998       25.200001       25.200001        5.140000        0.140000        0.140000        0.265838        0.186838        0.186838        5.286064   1.0 
"Kepler-279 d"       54.414001       37.500000        5.500000        4.500000        3.100000        1.240000        0.300000        1.258770        0.409436        1.518057       53.560990   1.0 
"Kepler-328 c"       71.311996       39.400002       13.600000       12.600000        5.400000        2.240000        0.540000        0.250216        0.114430        0.321497        9.926340   1.0 
"55 Cnc f"      262.000000       44.812000        3.814000        3.814000       -0.000100        0.000100        0.000100 -44812006850560.000000 -134490114490368.000000 -134490114490368.000000        0.959041   0.0 
"Kepler-279 c"       35.736000       49.400002        7.200000        5.900000        4.300000        1.720000        0.410000        0.621329        0.199470        0.749278       93.825645   1.0 
"55 Cnc c"       44.417500       54.473801        1.748000        1.748000       -0.000100        0.000100        0.000100 -54473808412672.000000 -163430770147328.000000 -163430770147328.000000       10.221156   0.0 
"Kepler-282 e"       44.347000       56.200001       16.200001       16.700001        3.100000        1.260000        0.250000        1.886476        0.709938        2.367604       12.157886   1.0 
"Kepler-416 b"        6.319000       58.200001       53.400002       39.500000        2.480000        0.990000        0.330000        3.815645        3.817950        5.252336        0.000000   1.0 
"Kepler-282 d"       24.806000       61.000000       35.900002       36.099998        2.460000        1.000000        0.200000        4.097552        2.610400        5.554324       26.379593   1.0 
"Kepler-277 c"       33.006001       64.199997       18.100000       15.700000        3.360000        0.830000        0.720000        1.692455        1.188039        1.320756       73.294492   1.0 
"Kepler-396 b"       42.993999       75.500000       11.800000        5.800000        3.500000        1.280000        0.650000        1.760933        1.018963        1.936725       16.376067   1.0 
"Kepler-277 b"       17.323999       87.300003       41.700001       39.900002        2.920000        0.730000        0.630000        3.506434        2.820682        3.079659      173.113522   1.0 
"Kepler-25 d"      123.000000       89.900002       13.700000       13.700000       -0.000100        0.000100        0.000100 -89900015681536.000000 -270047796789248.000000 -270047796789248.000000        9.051252   0.0 
"Kepler-46 c"       57.011002      119.499001        6.674000        6.039000       -0.000100        0.000100        0.000100 -119499017682944.000000 -358559170691072.000000 -358547896401920.000000        5.682412   1.0 
"Kepler-415 b"        4.176000      119.900002      102.099998       87.400002        1.210000        0.130000        0.100000       67.680420       60.025955       53.942654        0.000000   1.0 
"Kepler-238 e"       23.653999      169.699997       71.699997       69.099998        5.600000        2.370000        0.460000        0.966313        0.472647        1.288424       74.285313   1.0 
"KOI-142 c"       22.339500      198.800003        9.200000       10.600000       -0.000100        0.000100        0.000100 -198800027156480.000000 -596471032315904.000000 -596494251982848.000000       26.563637   0.0 
"V830 Tau b"        4.927000      222.481003       38.139599       38.139599       -0.000100        0.000100        0.000100 -222481033986048.000000 -668531926499328.000000 -668531926499328.000000      364.899294   0.0 
"55 Cnc b"       14.651520      263.978485        1.048800        1.048800       -0.000100        0.000100        0.000100 -263978521460736.000000 -791936269025280.000000 -791936269025280.000000       44.846505   0.0 
"Kepler-68 d"      625.000000      267.000000       16.000000       16.000000       -0.000100        0.000100        0.000100 -267000030953472.000000 -801159845511168.000000 -801159845511168.000000        0.721665   0.0 
"HD 88133 b"        3.414867      324.186615      193.876297       88.992401       -0.000100        0.000100        0.000100 -324186648084480.000000 -991695936159744.000000 -976623016869888.000000     1343.614448   0.0 
"WASP-47 b"        4.160710      383.000000      190.000000      120.000000       12.900000        2.800000        2.800000        0.178414        0.146051        0.128926      425.045968   1.0 
"Kepler-447 b"        7.794302      435.410004      152.550003      146.199997       18.490000        6.610000        6.280000        0.068879        0.074216        0.077407      152.258455   0.0 
"WASP-47 c"      580.700012      500.000000      320.000000      190.000000       -0.000100        0.000100        0.000100 -500000060604416.000000 -1533753759367168.000000 -1511985657151488.000000        0.587115   0.0 
"K2-31 b"        1.257850      563.830444       25.108570       25.108570       11.882000        3.923000        3.923000        0.336109        0.333249        0.333249      869.346353   0.0 
"Kepler-48 e"      982.000000      657.000000       25.000000       25.000000       -0.000100        0.000100        0.000100 -657000073527296.000000 -1971158731718656.000000 -1971158731718656.000000        0.150771   0.0 
"Kepler-539 c"     1000.000000      762.791992      381.395996      381.395996       -0.000100        0.000100        0.000100 -762792097349632.000000 -2319941617319936.000000 -2319941617319936.000000        0.234971   0.0 
"WASP-140 b"        2.235984      775.505188       22.248100       22.248100       16.141001        4.708000        2.018000        0.184414        0.069370        0.161456      498.343920   0.0 
"HD 128311 c"      921.538025     1204.257812      293.674927      137.302567       -0.000100        0.000100        0.000100 -1204257961279488.000000 -3624690404818944.000000 -3615382136946688.000000        0.000000   0.0 
"55 Cnc d"     4825.000000     1232.493042       21.612000       21.612000       -0.000100        0.000100        0.000100 -1232493210501120.000000 -3697542713835520.000000 -3697542713835520.000000        0.019720   0.0 
"Kepler-419 c"      675.469971     2320.100098      127.099998      127.099998       -0.000100        0.000100        0.000100 -2320100262674432.000000 -6961461234499584.000000 -6961461234499584.000000        1.643584   0.0 
"SWEEPS-11 b"        1.796000     3082.820068     1779.770020     1430.170044       12.666000        2.354000        2.354000        1.517154        1.217667        1.100420        0.000000   0.0 
"Kepler-94 c"      820.299988     3126.000000      200.000000      200.000000       -0.000100        0.000100        0.000100 -3126000409903104.000000 -9380133412536320.000000 -9380133412536320.000000        0.106027   0.0 
"Kepler-407 c"     3000.000000     4000.000000     2000.000000     2000.000000       -0.000100        0.000100        0.000100 -4000000484835328.000000 -12165527078174720.000000 -12165527078174720.000000        0.049698   0.0 
"2MASS J21402931+1625183 A b"     7336.500000     6657.479980    26629.910156     6657.479980       10.310000        4.370000        4.040000        6.074825       25.326939        9.827179        0.000036   0.0 
